    3.1777611755E-02   -1.2238399300E+01   -1.1720521799E+01   -1.1453509365E+01   -1.1241303282E+01    9.9000000000E+01    9.9000000000E+01    9.9000000000E+01    9.9000000000E+01   -1.1516976242E+01   -1.1402761292E+01   -1.1669006352E+01    9.9000000000E+01    9.9000000000E+01    9.9000000000E+01    9.9000000000E+01    9.9000000000E+01   -1.3529722984E+01   -1.4127623455E+01   -1.3641740298E+01   -1.1847514105E+01   -1.1919444881E+01   -1.1620658774E+01   -1.1411146127E+01   -1.1734804077E+01   -1.1490024282E+01   -1.1102324250E+01    9.9000000000E+01
    3.5655066823E-02   -1.3076684896E+01   -1.1102465361E+01   -4.7786361072E+00   -7.3622918747E+00    9.9000000000E+01    9.9000000000E+01    9.9000000000E+01    9.9000000000E+01   -1.2393307837E+01   -1.0968713077E+01   -7.2082622769E+00   -6.4059113323E+00    9.9000000000E+01    9.9000000000E+01    9.9000000000E+01    9.9000000000E+01   -1.3023021954E+01   -1.3617370643E+01   -1.3337732502E+01   -1.2495703599E+01   -1.1276604666E+01   -1.4012744939E-01   -1.2335135772E+01   -1.1339026354E+01    9.9000000000E+01   -7.7294563895E+00    9.9000000000E+01
    4.0005642965E-02   -1.3063162801E+01   -1.1282550653E+01   -7.3794370694E+00   -7.3634328070E+00   -8.2104255997E+00    9.9000000000E+01    9.9000000000E+01    9.9000000000E+01   -1.2314105155E+01   -1.1112352720E+01   -7.0853961123E+00   -7.8313848074E+00   -3.3232373213E+00    9.9000000000E+01    9.9000000000E+01    9.9000000000E+01   -1.3354390419E+01   -1.3905326437E+01   -1.3852111079E+01   -1.2082376558E+01   -1.1596462445E+01   -7.6073819474E+00   -1.2342657582E+01   -1.1557004510E+01   -7.4118689989E+00   -5.7635450160E+00   -7.7848986312E+00
    4.4887069683E-02   -1.3572400318E+01   -1.1840435545E+01   -1.1854174095E+01   -8.9961956903E+00   -7.7539545115E+00    9.9000000000E+01    9.9000000000E+01    9.9000000000E+01   -1.2846531070E+01   -1.2209388783E+01   -8.7371132155E+00   -8.7606054637E+00    9.9000000000E+01    9.9000000000E+01    9.9000000000E+01    9.9000000000E+01   -1.3805356514E+01   -1.3819808212E+01   -1.4069589260E+01   -1.2831133782E+01   -1.1900586950E+01   -1.2100745447E+01   -1.2844718788E+01   -1.1881664129E+01   -1.1733924991E+01   -9.0721186849E+00   -7.1387653491E+00
    5.0364120544E-02   -1.4071860130E+01   -1.2277988210E+01   -1.0426042742E+01   -1.1966777650E+01   -1.2340521507E+01    9.9000000000E+01    9.9000000000E+01    9.9000000000E+01   -1.3358227102E+01   -1.2058530383E+01   -1.1977123402E+01   -1.1533731078E+01   -1.2215155140E+01    9.9000000000E+01    9.9000000000E+01    9.9000000000E+01   -1.3786621829E+01   -1.4332583295E+01   -1.4167538374E+01   -1.3328987624E+01   -1.2415758033E+01   -1.0013980945E+01   -1.3359297671E+01   -1.2396401894E+01   -1.0406183658E+01   -1.2115698543E+01   -1.1860819358E+01
    5.6509472685E-02   -1.4118799472E+01   -1.2620280506E+01   -1.2308898131E+01   -1.3101087421E+01   -9.1776597222E+00   -1.3853352813E+01   -3.1217957315E+00    9.9000000000E+01   -1.3423496458E+01   -1.2603847755E+01   -1.3031894158E+01   -1.1090003396E+01   -8.6727623708E+00   -1.2963083916E+01   -1.7455727274E+00    9.9000000000E+01   -1.4219736936E+01   -1.4254588936E+01   -1.4096881218E+01   -1.3710264939E+01   -1.2837142556E+01   -1.2158792886E+01   -1.3340509348E+01   -1.2821349790E+01   -1.2372424200E+01   -1.3225865256E+01   -8.7165399069E+00
    6.3404671195E-02   -1.4762780959E+01   -1.3237418699E+01   -1.2859455599E+01   -1.2237189906E+01   -1.2745624412E+01   -1.1844806536E+01   -1.0539744102E+01    9.9000000000E+01   -1.4017152875E+01   -1.3297608609E+01   -1.1492435100E+01   -1.2517471129E+01   -1.1162813135E+01   -1.0954537704E+01   -9.1635210119E+00    9.9000000000E+01   -1.4579826596E+01   -1.4512412698E+01   -1.4537978093E+01   -1.4122540015E+01   -1.3441601238E+01   -1.3027380593E+01   -1.3982264875E+01   -1.3427818716E+01   -1.2789663358E+01   -1.2217427672E+01   -1.2268695252E+01
    7.1141211170E-02   -1.5202505581E+01   -1.3412705265E+01   -1.3143893578E+01   -1.3546468677E+01   -1.2763061958E+01   -1.2853625797E+01   -1.3780432522E+01    9.9000000000E+01   -1.4506405578E+01   -1.3366045094E+01   -1.3332691832E+01   -1.3018565030E+01   -1.1222674037E+01   -1.1963356875E+01   -1.2404209364E+01    9.9000000000E+01   -1.4855669470E+01   -1.4829201740E+01   -1.4752544381E+01   -1.4614756513E+01   -1.3551760247E+01   -1.3162931505E+01   -1.4449121631E+01   -1.3563878264E+01   -1.3157527243E+01   -1.3585959476E+01   -1.2293045178E+01
    7.9821751794E-02   -1.4954930758E+01   -1.4052127519E+01   -1.3664541124E+01   -1.3559090094E+01   -1.3002759532E+01   -1.2136983682E+01   -1.0245493709E+01   -7.1960803001E+00   -1.4177169696E+01   -1.4251326563E+01   -1.3536178421E+01   -1.2672643717E+01   -1.1305970118E+01   -1.1246714751E+01   -8.8692705940E+00   -5.3312734407E+00   -1.5009725876E+01   -1.5110650105E+01   -1.5070677210E+01   -1.4367216710E+01   -1.4149746647E+01   -1.3488791621E+01   -1.4170521083E+01   -1.4206938846E+01   -1.3558037090E+01   -1.3554537454E+01   -1.2562924537E+01
    8.9561478568E-02   -1.5563917156E+01   -1.4218345384E+01   -1.3868618228E+01   -1.3629814332E+01   -1.3230746584E+01   -1.0172050808E+01   -7.8928077084E+00   -1.0861668505E+01   -1.4838629961E+01   -1.4180197966E+01   -1.3627657655E+01   -1.2690421216E+01   -1.2885441455E+01   -9.2817819921E+00   -6.5165846566E+00   -8.9968616523E+00   -1.5261755516E+01   -1.5354105181E+01   -1.5379858972E+01   -1.4891508522E+01   -1.4334255122E+01   -1.3897939600E+01   -1.4809214338E+01   -1.4298009200E+01   -1.3843911097E+01   -1.3523715315E+01   -1.2824761541E+01
    1.0048963175E-01   -1.5862999309E+01   -1.4370458281E+01   -1.4004034937E+01   -1.3860903344E+01   -1.3915356250E+01   -1.3012751304E+01   -1.0018097581E+01   -1.1165885490E+01   -1.5124968698E+01   -1.4344553757E+01   -1.3739993487E+01   -1.3285463721E+01   -1.3688039898E+01   -1.2122482380E+01   -8.6418745135E+00   -9.3010785887E+00   -1.5397024284E+01   -1.5465086179E+01   -1.5513234539E+01   -1.5084435404E+01   -1.4462135627E+01   -1.3894925367E+01   -1.5123861788E+01   -1.4503295544E+01   -1.3967180103E+01   -1.3872835344E+01   -1.3502782636E+01
    1.1275122129E-01   -1.6108668469E+01   -1.4604801229E+01   -1.3954223743E+01   -1.4005917029E+01   -1.3423254885E+01   -1.3083837191E+01   -1.3139218871E+01   -1.1657692871E+01   -1.5360582926E+01   -1.4518466529E+01   -1.3961457185E+01   -1.3493855534E+01   -1.2600763051E+01   -1.2193568317E+01   -1.1762995751E+01   -9.7928859900E+00   -1.5674594943E+01   -1.5612459448E+01   -1.5754441903E+01   -1.5376411226E+01   -1.4739475004E+01   -1.3994388949E+01   -1.5353669327E+01   -1.4756934115E+01   -1.3928143563E+01   -1.3891451905E+01   -1.2886157949E+01
    1.2650895103E-01   -1.6246806843E+01   -1.4980102603E+01   -1.4469296750E+01   -1.4260153625E+01   -1.3940028856E+01   -1.2728967595E+01   -1.3289554246E+01   -1.3205566592E+01   -1.5488511289E+01   -1.4897225420E+01   -1.4132205369E+01   -1.3577495223E+01   -1.3729740157E+01   -1.1838698737E+01   -1.1913331145E+01   -1.1340759712E+01   -1.5744895178E+01   -1.5689200851E+01   -1.5833339002E+01   -1.5470122929E+01   -1.5106482950E+01   -1.4517886431E+01   -1.5483708655E+01   -1.5086997809E+01   -1.4481681853E+01   -1.4043877491E+01   -1.3482333239E+01
    1.4194537769E-01   -1.6373934504E+01   -1.5128275554E+01   -1.4678403120E+01   -1.4371484765E+01   -1.4265230022E+01   -1.4609905727E+01   -1.4119756118E+01   -1.4133724404E+01   -1.5629262264E+01   -1.5101738585E+01   -1.4276933055E+01   -1.3677157458E+01   -1.3878427343E+01   -1.3719636841E+01   -1.2743533005E+01   -1.2268917534E+01   -1.5856401196E+01   -1.5660876249E+01   -1.5912256672E+01   -1.5648773127E+01   -1.5250452485E+01   -1.4649153547E+01   -1.5614790590E+01   -1.5222288375E+01   -1.4696806748E+01   -1.4069486004E+01   -1.3839635889E+01
    1.5926533327E-01   -1.6532325680E+01   -1.5243778118E+01   -1.5015204734E+01   -1.4718920634E+01   -1.4115680482E+01   -1.3993082110E+01   -1.2894661936E+01   -1.4640101590E+01   -1.5794041741E+01   -1.5298394463E+01   -1.4579428233E+01   -1.4060805789E+01   -1.3721342793E+01   -1.3102813212E+01   -1.1518438823E+01   -1.2775294712E+01   -1.5915617937E+01   -1.5553818042E+01   -1.5836199450E+01   -1.5865552285E+01   -1.5360359431E+01   -1.4997737094E+01   -1.5773702882E+01   -1.5355860640E+01   -1.5008732892E+01   -1.4526412481E+01   -1.3621158067E+01
    1.7869864306E-01   -1.6744667913E+01   -1.5472513769E+01   -1.5010530652E+01   -1.4841188725E+01   -1.4738436253E+01   -1.4292938683E+01   -1.3706511975E+01   -1.4477236498E+01   -1.6006545163E+01   -1.5462927509E+01   -1.4713952475E+01   -1.4413272680E+01   -1.4135952543E+01   -1.3402669802E+01   -1.2330288854E+01   -1.2612429612E+01   -1.6035752667E+01   -1.5580774782E+01   -1.5918307128E+01   -1.6025862665E+01   -1.5602948906E+01   -1.5002104733E+01   -1.5986153208E+01   -1.5588886992E+01   -1.5008506914E+01   -1.4684413085E+01   -1.4308011597E+01
    2.0050317527E-01   -1.6914068900E+01   -1.5614916281E+01   -1.5358784256E+01   -1.5067635668E+01   -1.4742733470E+01   -1.4432323738E+01   -1.3984222260E+01   -1.4889706581E+01   -1.6175329707E+01   -1.5655612181E+01   -1.4996244459E+01   -1.4532771220E+01   -1.4015950649E+01   -1.3542054846E+01   -1.2607999148E+01   -1.3024899707E+01   -1.5957038096E+01   -1.5413209561E+01   -1.5741158278E+01   -1.6195044513E+01   -1.5724306349E+01   -1.5385188351E+01   -1.6160635847E+01   -1.5737336449E+01   -1.5370423892E+01   -1.4830910637E+01   -1.4303739697E+01
    2.2496826280E-01   -1.6985647372E+01   -1.5790755262E+01   -1.5458886407E+01   -1.5134798256E+01   -1.4731050782E+01   -1.4224640230E+01   -1.4826055974E+01   -1.5059131711E+01   -1.6235394494E+01   -1.5805391005E+01   -1.5076861693E+01   -1.4525916000E+01   -1.4151783007E+01   -1.3334371357E+01   -1.3449832863E+01   -1.3194324828E+01   -1.5913739750E+01   -1.5226352394E+01   -1.5550401143E+01   -1.6248684655E+01   -1.5903091483E+01   -1.5484995065E+01   -1.6222852113E+01   -1.5896019619E+01   -1.5464034583E+01   -1.4899267117E+01   -1.4273573279E+01
    2.5241854249E-01   -1.7160943888E+01   -1.6046688970E+01   -1.5673739814E+01   -1.5309531771E+01   -1.4975015264E+01   -1.4638971281E+01   -1.4322005025E+01   -1.4558034457E+01   -1.6406180793E+01   -1.6041791904E+01   -1.5226908209E+01   -1.4742311202E+01   -1.4401242790E+01   -1.3748702409E+01   -1.2945781911E+01   -1.2693227576E+01   -1.5875819528E+01   -1.5034427121E+01   -1.5380373358E+01   -1.6408731484E+01   -1.6168075314E+01   -1.5714985321E+01   -1.6399084355E+01   -1.6144871221E+01   -1.5682322573E+01   -1.5028718503E+01   -1.4536577830E+01
    2.8321826289E-01   -1.7238309691E+01   -1.6136974105E+01   -1.5841788597E+01   -1.5442543663E+01   -1.5076367995E+01   -1.4768240310E+01   -1.4219397108E+01   -1.4747378363E+01   -1.6486248789E+01   -1.6154263155E+01   -1.5380219352E+01   -1.4853686965E+01   -1.4552205676E+01   -1.3877971425E+01   -1.2843173986E+01   -1.2882571481E+01   -1.5771840139E+01   -1.4844275455E+01   -1.5252370381E+01   -1.6490167276E+01   -1.6258799504E+01   -1.5884833528E+01   -1.6477919398E+01   -1.6243554439E+01   -1.5839969126E+01   -1.5155330520E+01   -1.4629156429E+01
    3.1777611755E-01   -1.7261430592E+01   -1.6247998837E+01   -1.6036134013E+01   -1.5775272804E+01   -1.5403921993E+01   -1.4874888018E+01   -1.4984925377E+01   -1.4761606646E+01   -1.6494848640E+01   -1.6284992627E+01   -1.5733585037E+01   -1.5090048301E+01   -1.4639520739E+01   -1.3984619144E+01   -1.3608702245E+01   -1.2896799769E+01   -1.5684357481E+01   -1.4677595312E+01   -1.5116057440E+01   -1.6487665037E+01   -1.6367342802E+01   -1.6058032413E+01   -1.6491958164E+01   -1.6356063814E+01   -1.6032638682E+01   -1.5512484451E+01   -1.4961339643E+01
    3.5655066823E-01   -1.7261527185E+01   -1.6388702834E+01   -1.6149938460E+01   -1.5906078036E+01   -1.5482448418E+01   -1.5003753326E+01   -1.4589634728E+01   -1.5102481211E+01   -1.6476436650E+01   -1.6411735471E+01   -1.5848042695E+01   -1.5260068153E+01   -1.4831131318E+01   -1.4113484445E+01   -1.3213411613E+01   -1.3237674327E+01   -1.5560301621E+01   -1.4565873695E+01   -1.5018512999E+01   -1.6447384204E+01   -1.6510871938E+01   -1.6184122080E+01   -1.6489025853E+01   -1.6492479228E+01   -1.6146697029E+01   -1.5711425472E+01   -1.5035729785E+01
    4.0005642965E-01   -1.7425287263E+01   -1.6493541782E+01   -1.6221663724E+01   -1.6049705741E+01   -1.5599524644E+01   -1.5085286185E+01   -1.4488906967E+01   -1.5029565836E+01   -1.6645185761E+01   -1.6493759708E+01   -1.6008958202E+01   -1.5333870327E+01   -1.4881401172E+01   -1.4195017304E+01   -1.3112683855E+01   -1.3164758960E+01   -1.5421245222E+01   -1.4358120365E+01   -1.4795128476E+01   -1.6578257924E+01   -1.6613108742E+01   -1.6250575607E+01   -1.6659456375E+01   -1.6591670058E+01   -1.6214175122E+01   -1.5859007870E+01   -1.5148123036E+01
    4.4887069683E-01   -1.7364097761E+01   -1.6625523859E+01   -1.6406282041E+01   -1.6227362325E+01   -1.5745884761E+01   -1.5200474449E+01   -1.5052860923E+01   -1.5103708634E+01   -1.6569765198E+01   -1.6636332320E+01   -1.6172562658E+01   -1.5588793750E+01   -1.5058460426E+01   -1.4310205566E+01   -1.3676637807E+01   -1.3238901753E+01   -1.5147687740E+01   -1.4053938768E+01   -1.4468882995E+01   -1.6484191737E+01   -1.6752312365E+01   -1.6442298802E+01   -1.6591831819E+01   -1.6720180969E+01   -1.6403212718E+01   -1.6025614496E+01   -1.5285338206E+01
    5.0364120544E-01   -1.7307975351E+01   -1.6669831514E+01   -1.6459608872E+01   -1.6335071456E+01   -1.5846219576E+01   -1.5333378997E+01   -1.4973018080E+01   -1.5284397586E+01   -1.6510103628E+01   -1.6716928425E+01   -1.6267554738E+01   -1.5688799151E+01   -1.5079857662E+01   -1.4443110115E+01   -1.3596794968E+01   -1.3419590703E+01   -1.4800995042E+01   -1.3676560932E+01   -1.4048744301E+01   -1.6412988296E+01   -1.6791371191E+01   -1.6470565067E+01   -1.6537003737E+01   -1.6774437113E+01   -1.6448653494E+01   -1.6172851916E+01   -1.5389753869E+01
    5.6509472685E-01   -1.7275497977E+01   -1.6725992802E+01   -1.6573586673E+01   -1.6466344228E+01   -1.5981564599E+01   -1.5230182903E+01   -1.4943437596E+01   -1.5404570525E+01   -1.6466864962E+01   -1.6773525265E+01   -1.6401124745E+01   -1.5838531003E+01   -1.5193252289E+01   -1.4339914027E+01   -1.3567214472E+01   -1.3539763646E+01   -1.4708537624E+01   -1.3501830714E+01   -1.3906271408E+01   -1.6344826257E+01   -1.6849698655E+01   -1.6596904702E+01   -1.6500381114E+01   -1.6823938889E+01   -1.6567562851E+01   -1.6292351283E+01   -1.5526982559E+01
    6.3404671195E-01   -1.7280602092E+01   -1.6808557380E+01   -1.6655245467E+01   -1.6576934200E+01   -1.6092970355E+01   -1.5304267701E+01   -1.5018687649E+01   -1.5058724345E+01   -1.6456591567E+01   -1.6861738845E+01   -1.6509844929E+01   -1.5918829961E+01   -1.5308571331E+01   -1.4413998826E+01   -1.3642464536E+01   -1.3193917469E+01   -1.4750544635E+01   -1.3499497780E+01   -1.3965002979E+01   -1.6318322965E+01   -1.6933567895E+01   -1.6668487322E+01   -1.6498852574E+01   -1.6912660563E+01   -1.6649047067E+01   -1.6416642778E+01   -1.5640984506E+01
    7.1141211170E-01   -1.7143172420E+01   -1.6811343324E+01   -1.6768280392E+01   -1.6668379326E+01   -1.6241360385E+01   -1.5370790220E+01   -1.5134480296E+01   -1.5161601486E+01   -1.6312750574E+01   -1.6903025133E+01   -1.6589420019E+01   -1.6070534304E+01   -1.5440233183E+01   -1.4480521337E+01   -1.3758257181E+01   -1.3296794608E+01   -1.4583619913E+01   -1.3235433921E+01   -1.3692225239E+01   -1.6167226341E+01   -1.6936377134E+01   -1.6797225270E+01   -1.6358484317E+01   -1.6913204999E+01   -1.6757506268E+01   -1.6504472794E+01   -1.5788151322E+01
    7.9821751794E-01   -1.6833454071E+01   -1.6702354759E+01   -1.6811205057E+01   -1.6759735749E+01   -1.6304109869E+01   -1.5368220614E+01   -1.5295549530E+01   -1.4877054842E+01   -1.5992295231E+01   -1.6859666299E+01   -1.6680121504E+01   -1.6172357576E+01   -1.5470223019E+01   -1.4477951729E+01   -1.3919326414E+01   -1.3012247961E+01   -1.4280582529E+01   -1.2890445082E+01   -1.3370662640E+01   -1.5852109249E+01   -1.6822517002E+01   -1.6831940350E+01   -1.6039969689E+01   -1.6812269241E+01   -1.6801142093E+01   -1.6615125183E+01   -1.5850702482E+01
    8.9561478568E-01   -1.6424622012E+01   -1.6552540558E+01   -1.6858476387E+01   -1.6832943162E+01   -1.6468095769E+01   -1.5511193686E+01   -1.5102427996E+01   -1.5053704789E+01   -1.5569031558E+01   -1.6795175723E+01   -1.6745411259E+01   -1.6301000210E+01   -1.5545030737E+01   -1.4620924801E+01   -1.3726204879E+01   -1.3188897909E+01   -1.3876571529E+01   -1.2512658830E+01   -1.2968303232E+01   -1.5437860122E+01   -1.6664222154E+01   -1.6877848483E+01   -1.5622653920E+01   -1.6674163289E+01   -1.6865552089E+01   -1.6644816540E+01   -1.6016181717E+01
    1.0048963175E+00   -1.6012662976E+01   -1.6304331529E+01   -1.6838575158E+01   -1.6871349888E+01   -1.6481829106E+01   -1.5368600755E+01   -1.5479343683E+01   -1.4991996424E+01   -1.5160776494E+01   -1.6638496681E+01   -1.6785399017E+01   -1.6327328190E+01   -1.5570204725E+01   -1.4478331879E+01   -1.4103120568E+01   -1.3127189546E+01   -1.3479068943E+01   -1.2064962598E+01   -1.2492480969E+01   -1.5040275132E+01   -1.6407931913E+01   -1.6849954900E+01   -1.5209205089E+01   -1.6446924401E+01   -1.6849182711E+01   -1.6685174372E+01   -1.6027533034E+01
    1.1275122129E+00   -1.5579731568E+01   -1.5945488696E+01   -1.6760477327E+01   -1.6915534119E+01   -1.6606407786E+01   -1.5304750869E+01   -1.5659424125E+01   -1.4941638057E+01   -1.4736988303E+01   -1.6368387066E+01   -1.6811575372E+01   -1.6421196681E+01   -1.5676535353E+01   -1.4414481990E+01   -1.4283201011E+01   -1.3076831178E+01   -1.2996697364E+01   -1.1523041559E+01   -1.1989327927E+01   -1.4611194230E+01   -1.6032942044E+01   -1.6757757637E+01   -1.4784539498E+01   -1.6108398037E+01   -1.6787732386E+01   -1.6719191415E+01   -1.6156190496E+01
    1.2650895103E+00   -1.5099911654E+01   -1.5494057729E+01   -1.6545573275E+01   -1.6857795425E+01   -1.6668833351E+01   -1.5304773343E+01   -1.5914650180E+01   -1.4910262219E+01   -1.4271307842E+01   -1.5971055121E+01   -1.6728899821E+01   -1.6449723672E+01   -1.5785868518E+01   -1.4414504464E+01   -1.4538427059E+01   -1.3045455344E+01   -1.2503302275E+01   -1.0907060697E+01   -1.1449674982E+01   -1.4144233370E+01   -1.5568074649E+01   -1.6530537437E+01   -1.4314303839E+01   -1.5657641934E+01   -1.6593283180E+01   -1.6634469449E+01   -1.6217588228E+01
    1.4194537769E+00   -1.4493145738E+01   -1.4956797632E+01   -1.6134260097E+01   -1.6698200530E+01   -1.6745008082E+01   -1.5381871205E+01   -1.6210170216E+01   -1.5204540301E+01   -1.3660793930E+01   -1.5424056732E+01   -1.6502019518E+01   -1.6481606592E+01   -1.5900977757E+01   -1.4491602330E+01   -1.4833947093E+01   -1.3339733428E+01   -1.1826623598E+01   -1.0254986285E+01   -1.0723634166E+01   -1.3541529648E+01   -1.5035238255E+01   -1.6079022803E+01   -1.3703422747E+01   -1.5116687598E+01   -1.6200185252E+01   -1.6470476370E+01   -1.6293759604E+01
    1.5926533327E+00   -1.4024826108E+01   -1.4407488555E+01   -1.5708135640E+01   -1.6424202311E+01   -1.6731320967E+01   -1.5707162241E+01   -1.6500331666E+01   -1.5416377643E+01   -1.3200631141E+01   -1.4879579764E+01   -1.6161391935E+01   -1.6391191976E+01   -1.5999044467E+01   -1.4816893362E+01   -1.5124108541E+01   -1.3551570773E+01   -1.1218386393E+01   -9.4304642553E+00   -9.9352578431E+00   -1.3068013534E+01   -1.4482391566E+01   -1.5622075447E+01   -1.3240222047E+01   -1.4562850811E+01   -1.5778722694E+01   -1.6170195604E+01   -1.6282523930E+01
    1.7869864306E+00   -1.3344758199E+01   -1.3881712489E+01   -1.5248557722E+01   -1.6081468693E+01   -1.6696233166E+01   -1.5964490341E+01   -1.6738256275E+01   -1.6075086454E+01   -1.2507297164E+01   -1.4372340982E+01   -1.5734707516E+01   -1.6258774681E+01   -1.6050222400E+01   -1.5074221463E+01   -1.5362033149E+01   -1.4210279581E+01   -1.0511390913E+01   -8.6223952377E+00   -9.0820996605E+00   -1.2382887763E+01   -1.3950375529E+01   -1.5141066314E+01   -1.2552393267E+01   -1.4035677153E+01   -1.5317669545E+01   -1.5776980122E+01   -1.6250514875E+01
    2.0050317527E+00   -1.2436766831E+01   -1.3245047928E+01   -1.4800668070E+01   -1.5694852160E+01   -1.6603072645E+01   -1.6246237013E+01   -1.6825447319E+01   -1.6490248642E+01   -1.1572997049E+01   -1.3808816865E+01   -1.5293910751E+01   -1.6054612083E+01   -1.6035306490E+01   -1.5355968131E+01   -1.5449224194E+01   -1.4625441768E+01   -9.3474467323E+00   -7.1782792355E+00   -7.2301117813E+00   -1.1380461204E+01   -1.3289732299E+01   -1.4698033527E+01   -1.1641224080E+01   -1.3385757517E+01   -1.4849479329E+01   -1.5326399856E+01   -1.6165927067E+01
    2.2496826280E+00   -1.1546567380E+01   -1.2521771660E+01   -1.4346672701E+01   -1.5297198867E+01   -1.6382088732E+01   -1.6460906926E+01   -1.6835186959E+01   -1.6922974711E+01   -1.0647109371E+01   -1.3166775161E+01   -1.4857344013E+01   -1.5764873714E+01   -1.5949217670E+01   -1.5570638044E+01   -1.5458963834E+01   -1.5058167836E+01   -8.2290302289E+00   -5.9995800670E+00   -5.6267652702E+00   -1.0465559565E+01   -1.2523409836E+01   -1.4263475080E+01   -1.0727863001E+01   -1.2645809940E+01   -1.4394888121E+01   -1.4893343850E+01   -1.5948452421E+01
    2.5241854249E+00   -1.0601021654E+01   -1.1725879087E+01   -1.3686451423E+01   -1.4766213443E+01   -1.5928690171E+01   -1.6527300588E+01   -1.6864221877E+01   -1.7174698530E+01   -9.7099237392E+00   -1.2445065977E+01   -1.4263230105E+01   -1.5298792718E+01   -1.5720334880E+01   -1.5637031701E+01   -1.5487998755E+01   -1.5309891653E+01   -7.1652608170E+00   -4.8318464879E+00   -3.6344785275E+00   -9.5248196974E+00   -1.1699809750E+01   -1.3583907389E+01   -9.7895275487E+00   -1.1837200997E+01   -1.3717172297E+01   -1.4432535695E+01   -1.5491078719E+01
    2.8321826289E+00   -9.3707480320E+00   -1.0936505296E+01   -1.2895323862E+01   -1.4080826739E+01   -1.5271836154E+01   -1.6454778502E+01   -1.6878606384E+01   -1.7298892422E+01   -8.4134807002E+00   -1.1689692620E+01   -1.3506239105E+01   -1.4634454640E+01   -1.5353737879E+01   -1.5564509607E+01   -1.5502383263E+01   -1.5434085545E+01   -6.1350008080E+00   -3.9320417968E+00   -4.0507505503E+00   -8.1654079938E+00   -1.0875162885E+01   -1.2817434249E+01   -8.5149960558E+00   -1.0989033508E+01   -1.2910221389E+01   -1.3842834019E+01   -1.4828084800E+01
    3.1777611755E+00   -8.4071637042E+00   -9.8888043000E+00   -1.1926688704E+01   -1.3382303493E+01   -1.4530913730E+01   -1.6286847453E+01   -1.6871224805E+01   -1.7308510859E+01   -7.4498710426E+00   -1.0642431909E+01   -1.2752101900E+01   -1.3934846064E+01   -1.4825065029E+01   -1.5396578551E+01   -1.5495001685E+01   -1.5443703980E+01   -4.8575922867E+00   -2.5537484417E+00    1.5285679541E+00   -7.2867972618E+00   -9.8138256051E+00   -1.1801407190E+01   -7.5505966183E+00   -9.9516300024E+00   -1.1906389060E+01   -1.3251885820E+01   -1.4080749377E+01
    3.5655066823E+00   -6.8007066729E+00   -8.7685864184E+00   -1.1016762647E+01   -1.2708952821E+01   -1.3899790690E+01   -1.6052038336E+01   -1.6813678170E+01   -1.7344789465E+01   -5.7553278301E+00   -9.6422491377E+00   -1.1974624263E+01   -1.3330657387E+01   -1.4179562047E+01   -1.5161769428E+01   -1.5437455049E+01   -1.5479982585E+01   -3.5701313624E+00   -1.1286967081E+00    5.6501206682E+00   -5.3877996967E+00   -8.5910494858E+00   -1.0928833502E+01   -5.9056802677E+00   -8.7172481920E+00   -1.0963392550E+01   -1.2626084380E+01   -1.3451372158E+01
    4.0005642965E+00   -5.4248702249E+00   -7.3438395608E+00   -1.0022239038E+01   -1.1919417205E+01   -1.3190754359E+01   -1.5765839376E+01   -1.6690552048E+01   -1.7301341875E+01   -3.9575524653E+00   -8.4064765927E+00   -1.1066895265E+01   -1.2625104242E+01   -1.3475932104E+01   -1.4875570464E+01   -1.5314328927E+01   -1.5436534993E+01   -2.0592741039E+00    4.9127141179E-01    7.0446552742E+00   -3.5287149715E+00   -7.0059303111E+00   -9.8911324336E+00   -4.3785305775E+00   -7.2359896986E+00   -9.9858609755E+00   -1.1796178561E+01   -1.2740169084E+01
    4.4887069683E+00   -3.7000060742E+00   -5.9645207436E+00   -8.8078640872E+00   -1.0954549976E+01   -1.2354909922E+01   -1.5365147878E+01   -1.6517908063E+01   -1.7252187194E+01   -2.2889888120E+00   -7.1516222562E+00   -9.9296991393E+00   -1.1777207605E+01   -1.2728111614E+01   -1.4474878960E+01   -1.5141684942E+01   -1.5387380310E+01   -6.4531417474E-01    1.9788656026E+00    9.9000000000E+01   -1.8496575188E+00   -5.5132619384E+00   -8.6490961436E+00   -2.6020426314E+00   -5.8238463645E+00   -8.7293832793E+00   -1.0833231223E+01   -1.1902887893E+01
    5.0364120544E+00    7.2165878762E+00   -4.4730556936E+00   -7.8729520230E+00   -1.0062018806E+01   -1.1562353881E+01   -1.4943856239E+01   -1.6334355526E+01   -1.7155900802E+01    1.2377743416E+01   -6.0423899571E+00   -8.8925197945E+00   -1.0930181203E+01   -1.2046770429E+01   -1.4053587317E+01   -1.4958132405E+01   -1.5291093917E+01    8.7517436412E-01    4.1995358620E+00    9.9000000000E+01    2.9350627966E+00   -3.0480837067E+00   -7.7547358082E+00    9.6227468727E+00   -3.7414937629E+00   -7.8481555262E+00   -9.8804095066E+00   -1.1107196784E+01
    5.6509472685E+00    9.9000000000E+01   -5.1247637967E-01   -6.1210711964E+00   -8.9901858049E+00   -1.0671562315E+01   -1.4452934712E+01   -1.6164666946E+01   -1.7083399225E+01    9.9000000000E+01   -2.3056379676E+00   -7.5972448482E+00   -9.9883819728E+00   -1.1443016008E+01   -1.3562665792E+01   -1.4788443825E+01   -1.5218592339E+01    2.9033665255E+00    8.3611631249E+00    9.9000000000E+01    9.9000000000E+01    1.7423051428E+00   -6.0734886846E+00    9.9000000000E+01    8.0878380695E-02   -6.0427961242E+00   -8.7961669288E+00   -1.0217115459E+01
    6.3404671195E+00    9.9000000000E+01   -1.9937281178E+00   -4.9693870735E+00   -7.8965409731E+00   -9.6796341274E+00   -1.4012414926E+01   -1.5964605648E+01   -1.6934932758E+01    9.9000000000E+01   -3.9238446820E+00   -5.8071397201E+00   -8.9655446760E+00   -1.0844514620E+01   -1.3122146003E+01   -1.4588382525E+01   -1.5070125872E+01    3.6507884623E+00    9.9000000000E+01    9.9000000000E+01    9.9000000000E+01    4.9040931264E+00   -5.1178917523E+00    9.9000000000E+01    9.9000000000E+01   -4.7474732740E+00   -7.6707213752E+00   -9.2087575002E+00
    7.1141211170E+00    9.9000000000E+01    9.9000000000E+01   -1.9233382225E+00   -6.8904762718E+00   -8.8210306049E+00   -1.3466769032E+01   -1.5705963571E+01   -1.6739023418E+01    9.9000000000E+01    1.1355560261E+01   -4.7034876099E+00   -8.0577541657E+00   -1.0230076178E+01   -1.2576500115E+01   -1.4329740448E+01   -1.4874216532E+01    1.2104748489E+01    9.9000000000E+01    9.9000000000E+01    9.9000000000E+01    9.9000000000E+01    3.3211671930E+00    9.9000000000E+01    9.9000000000E+01    3.1424815158E+00   -6.4564241760E+00   -8.3356932321E+00
    7.9821751794E+00    9.9000000000E+01    9.9000000000E+01    9.8053441374E-01   -5.5175556704E+00   -8.4344812561E+00   -1.3062717773E+01   -1.5367592193E+01   -1.6527202964E+01    9.9000000000E+01    9.9000000000E+01   -3.1409407378E+00   -6.8386845190E+00   -9.6884561134E+00   -1.2172448856E+01   -1.3991369071E+01   -1.4662396079E+01    9.9000000000E+01    9.9000000000E+01    9.9000000000E+01    9.9000000000E+01    9.9000000000E+01    9.9000000000E+01    9.9000000000E+01    9.9000000000E+01    9.9000000000E+01   -4.4333191047E+00   -8.0260507816E+00
    8.9561478568E+00    9.9000000000E+01    9.9000000000E+01    2.1686719348E+00   -4.9663785156E+00   -7.6277104986E+00   -1.2709558514E+01   -1.4998476762E+01   -1.6251274322E+01    9.9000000000E+01    9.9000000000E+01    5.4671928961E-01   -6.2794081166E+00   -9.0781557001E+00   -1.1819289595E+01   -1.3622253642E+01   -1.4386467437E+01    9.9000000000E+01    9.9000000000E+01    9.9000000000E+01    9.9000000000E+01    9.9000000000E+01    9.9000000000E+01    9.9000000000E+01    9.9000000000E+01    9.9000000000E+01   -4.6194542053E+00   -7.1958776311E+00
    1.0048963175E+01    9.9000000000E+01    9.9000000000E+01   -1.6180490257E+00   -5.1252564349E+00   -7.3360711530E+00   -1.2474285342E+01   -1.4566899518E+01   -1.5917472488E+01    9.9000000000E+01    9.9000000000E+01   -3.6029252027E+00   -6.0877641228E+00   -8.4430314076E+00   -1.1584016422E+01   -1.3190676397E+01   -1.4052665603E+01    9.9000000000E+01    9.9000000000E+01    9.9000000000E+01    9.9000000000E+01    9.9000000000E+01    2.3148206238E+00    9.9000000000E+01    9.9000000000E+01   -1.4206155229E+00   -4.8112690094E+00   -6.9039338703E+00
    1.1275122129E+01    9.9000000000E+01    9.9000000000E+01   -9.8191899291E-01   -4.2493472854E+00   -7.3836462292E+00   -1.2243961947E+01   -1.4132449849E+01   -1.5563556971E+01    9.9000000000E+01    9.9000000000E+01   -2.4680722896E+00   -5.6492376028E+00   -8.2215534693E+00   -1.1353693027E+01   -1.2756226730E+01   -1.3698750086E+01    9.9000000000E+01    9.9000000000E+01    9.9000000000E+01    9.9000000000E+01    9.9000000000E+01    9.9000000000E+01    9.9000000000E+01    9.9000000000E+01    1.5749244873E+00   -2.9408885829E+00   -6.9633860873E+00
    1.2650895103E+01    9.9000000000E+01    9.9000000000E+01    2.7896113753E+00   -4.5230524537E+00   -7.1079625308E+00   -1.2045364695E+01   -1.3781984479E+01   -1.5247496906E+01    9.9000000000E+01    9.9000000000E+01    9.9147949152E-01   -5.8819066126E+00   -7.9679257969E+00   -1.1155095768E+01   -1.2405761361E+01   -1.3382690020E+01    9.9000000000E+01    9.9000000000E+01    9.9000000000E+01    9.9000000000E+01    9.9000000000E+01    9.9000000000E+01    9.9000000000E+01    9.9000000000E+01    9.9000000000E+01   -3.6677758194E+00   -6.6468277789E+00
    1.4194537769E+01    9.9000000000E+01    5.9276793727E+00   -1.9510549941E+00   -4.0858615409E+00   -6.7023146959E+00   -1.1915187431E+01   -1.3574829941E+01   -1.4931044677E+01    9.9000000000E+01    4.1512369533E+00   -1.4397977719E+00   -5.4104373958E+00   -7.8264412778E+00   -1.1024918507E+01   -1.2198606826E+01   -1.3066237792E+01    6.7254109441E+00    9.9000000000E+01    9.9000000000E+01    9.9000000000E+01    9.9000000000E+01   -2.2070657034E+00    9.9000000000E+01    9.9000000000E+01   -2.0734685540E+00   -3.4006284240E+00   -6.2379257634E+00
    1.5926533327E+01    9.9000000000E+01    9.9000000000E+01   -4.0838269674E-01   -4.5084429888E+00   -6.6997107205E+00   -1.1809266198E+01   -1.3430506617E+01   -1.4675977715E+01    9.9000000000E+01    9.9000000000E+01   -2.8900353450E+00   -5.3898805261E+00   -7.7337054482E+00   -1.0918997275E+01   -1.2054283503E+01   -1.2811170829E+01    9.9000000000E+01    9.9000000000E+01    9.9000000000E+01    9.9000000000E+01    9.9000000000E+01    9.9000000000E+01    9.9000000000E+01    9.9000000000E+01    9.9000000000E+01   -4.2594058720E+00   -6.2569870213E+00
    1.7869864306E+01    9.9000000000E+01    9.9000000000E+01   -1.8458224554E+00   -4.2431208864E+00   -6.4803120719E+00   -1.1618255942E+01   -1.3298726872E+01   -1.4428056433E+01    9.9000000000E+01    9.9000000000E+01   -3.5707213311E+00   -4.8075643563E+00   -7.7476783192E+00   -1.0727987016E+01   -1.1922503760E+01   -1.2563249548E+01    9.9000000000E+01    9.9000000000E+01    9.9000000000E+01    9.9000000000E+01    9.9000000000E+01    2.6329577844E+00    9.9000000000E+01    9.9000000000E+01   -9.6248392722E-01   -3.9912521838E+00   -6.0668173632E+00
    2.0050317527E+01    9.9000000000E+01    9.9000000000E+01    2.9409857314E+00   -3.8204428701E+00   -6.7471476133E+00   -1.1590455476E+01   -1.3194384254E+01   -1.4237925814E+01    9.9000000000E+01    9.9000000000E+01   -8.3154305058E-01   -5.1308266548E+00   -7.6689932892E+00   -1.0700186550E+01   -1.1818161143E+01   -1.2373118930E+01    9.9000000000E+01    9.9000000000E+01    9.9000000000E+01    9.9000000000E+01    9.9000000000E+01    9.9000000000E+01    9.9000000000E+01    9.9000000000E+01    9.9000000000E+01   -2.5438846695E+00   -6.3227062437E+00
    2.2496826280E+01    9.9000000000E+01    9.9000000000E+01    3.7873591502E+00   -3.4336238242E+00   -6.6136812380E+00   -1.1512619078E+01   -1.3049509674E+01   -1.3982115295E+01    9.9000000000E+01    9.9000000000E+01    2.5100666007E+00   -5.1768828472E+00   -7.5405743376E+00   -1.0622350152E+01   -1.1673286566E+01   -1.2117308410E+01    9.9000000000E+01    9.9000000000E+01    9.9000000000E+01    9.9000000000E+01    9.9000000000E+01    9.9000000000E+01    9.9000000000E+01    9.9000000000E+01    9.9000000000E+01   -1.6082744351E+00   -6.1785920317E+00
    2.5241854249E+01    9.9000000000E+01    9.9000000000E+01    9.9000000000E+01   -3.3931448892E+00   -6.1100774095E+00   -1.1386203737E+01   -1.2920512655E+01   -1.3687799722E+01    9.9000000000E+01    9.9000000000E+01    9.0787797686E+00   -4.9586759825E+00   -7.3155428517E+00   -1.0495934807E+01   -1.1544289549E+01   -1.1822992838E+01    9.9000000000E+01    9.9000000000E+01    9.9000000000E+01    9.9000000000E+01    9.9000000000E+01    9.9000000000E+01    9.9000000000E+01    9.9000000000E+01    9.9000000000E+01   -1.1338400407E+00   -5.6670544768E+00
    2.8321826289E+01    9.9000000000E+01    9.9000000000E+01   -1.0703269767E+00   -3.3907468751E+00   -6.4451374537E+00   -1.1269266275E+01   -1.2845976950E+01   -1.3401091697E+01    9.9000000000E+01    5.3001434481E+00   -1.5763764691E+00   -4.7265798482E+00   -7.3971309571E+00   -1.0378997347E+01   -1.1469753845E+01   -1.1536284811E+01    7.6044886909E+00    9.9000000000E+01    9.9000000000E+01    9.9000000000E+01    9.9000000000E+01   -1.3079262497E+00    9.9000000000E+01    9.9000000000E+01   -1.1871675466E+00   -2.4127952670E+00   -5.9921888938E+00
    3.1777611755E+01    9.9000000000E+01    9.9000000000E+01    3.1613398106E+00   -3.0918222054E+00   -6.2659110303E+00   -1.1202856414E+01   -1.2752881982E+01   -1.3179185966E+01    9.9000000000E+01    9.9000000000E+01   -9.2910868429E-01   -4.4388998546E+00   -7.5651471481E+00   -1.0312587484E+01   -1.1376658880E+01   -1.1314379082E+01    9.9000000000E+01    9.9000000000E+01    9.9000000000E+01    9.9000000000E+01    9.9000000000E+01    9.9000000000E+01    9.9000000000E+01    9.9000000000E+01    9.9000000000E+01   -1.6966368202E+00   -5.8465759458E+00
    3.5655066823E+01    9.9000000000E+01    9.9000000000E+01    1.6836909028E+00   -3.4613600623E+00   -5.9674253286E+00   -1.1015798026E+01   -1.2602939605E+01   -1.2877942941E+01    9.9000000000E+01    9.9000000000E+01   -1.8550805353E+00   -4.5290434084E+00   -7.0713915435E+00   -1.0125529096E+01   -1.1226716503E+01   -1.1013136056E+01    9.9000000000E+01    9.9000000000E+01    9.9000000000E+01    9.9000000000E+01    9.9000000000E+01    9.9000000000E+01    9.9000000000E+01    9.9000000000E+01    9.9000000000E+01   -2.8336804891E+00   -5.5299143346E+00
    4.0005642965E+01    9.9000000000E+01    9.9000000000E+01    3.0617022584E+00   -3.3274215299E+00   -6.2062572563E+00   -1.0837219663E+01   -1.2502086288E+01   -1.2532670505E+01    9.9000000000E+01    9.9000000000E+01    1.1166438422E+00   -4.4034346872E+00   -7.2280918246E+00   -9.9469507327E+00   -1.1125863189E+01   -1.0667863619E+01    9.9000000000E+01    9.9000000000E+01    9.9000000000E+01    9.9000000000E+01    9.9000000000E+01    9.9000000000E+01    9.9000000000E+01    9.9000000000E+01    9.9000000000E+01   -3.2590487938E+00   -5.7494420046E+00
    4.4887069683E+01    9.9000000000E+01    9.9000000000E+01    1.8926410613E+00   -2.6821112430E+00   -5.8276786492E+00   -1.0670606805E+01   -1.2326052755E+01   -1.2203212109E+01    9.9000000000E+01    9.9000000000E+01   -1.4254082825E+00   -3.8691531266E+00   -7.0402716615E+00   -9.7803378743E+00   -1.0949829656E+01   -1.0338405225E+01    9.9000000000E+01    9.9000000000E+01    9.9000000000E+01    9.9000000000E+01    9.9000000000E+01    9.9000000000E+01    9.9000000000E+01    9.9000000000E+01    9.9000000000E+01   -1.5987979972E+00   -5.3418083738E+00
    5.0364120544E+01    9.9000000000E+01    9.9000000000E+01    2.7012369994E+00   -2.8859016874E+00   -5.9810434816E+00   -1.0562890090E+01   -1.2188648194E+01   -1.1901149815E+01    9.9000000000E+01    9.9000000000E+01   -7.0700814209E-01   -3.9196091090E+00   -6.9168420556E+00   -9.6726211583E+00   -1.0812425095E+01   -1.0036342930E+01    9.9000000000E+01    9.9000000000E+01    9.9000000000E+01    9.9000000000E+01    9.9000000000E+01    9.9000000000E+01    9.9000000000E+01    9.9000000000E+01    9.9000000000E+01   -2.1666332972E+00   -5.5660036748E+00
    5.6509472685E+01    9.9000000000E+01    9.9000000000E+01    2.9471935976E+00   -1.4757039591E+00   -4.3130229399E+00   -8.7450986754E+00   -1.0746213993E+01   -1.0083476144E+01    9.9000000000E+01    9.9000000000E+01    7.0405657593E-02   -2.7716733416E+00   -5.3917111898E+00   -7.8548297449E+00   -9.3699908983E+00   -8.2186692560E+00    9.9000000000E+01    9.9000000000E+01    9.9000000000E+01    9.9000000000E+01    9.9000000000E+01    9.9000000000E+01    9.9000000000E+01    9.9000000000E+01    9.9000000000E+01   -5.8906084749E-03   -3.8035145058E+00
    6.3404671195E+01    9.9000000000E+01    9.9000000000E+01    9.9000000000E+01    9.9000000000E+01    9.9000000000E+01    9.9000000000E+01    9.9000000000E+01    9.9000000000E+01    9.9000000000E+01    9.9000000000E+01    9.9000000000E+01    9.9000000000E+01    9.9000000000E+01    9.9000000000E+01    9.9000000000E+01    9.9000000000E+01    9.9000000000E+01    9.9000000000E+01    9.9000000000E+01    9.9000000000E+01    9.9000000000E+01    9.9000000000E+01    9.9000000000E+01    9.9000000000E+01    9.9000000000E+01    9.9000000000E+01    9.9000000000E+01
    7.1141211170E+01    9.9000000000E+01    9.9000000000E+01    9.9000000000E+01    9.9000000000E+01    9.9000000000E+01    9.9000000000E+01    9.9000000000E+01    9.9000000000E+01    9.9000000000E+01    9.9000000000E+01    9.9000000000E+01    9.9000000000E+01    9.9000000000E+01    9.9000000000E+01    9.9000000000E+01    9.9000000000E+01    9.9000000000E+01    9.9000000000E+01    9.9000000000E+01    9.9000000000E+01    9.9000000000E+01    9.9000000000E+01    9.9000000000E+01    9.9000000000E+01    9.9000000000E+01    9.9000000000E+01    9.9000000000E+01
    7.9821751794E+01    9.9000000000E+01    9.9000000000E+01    9.9000000000E+01    9.9000000000E+01    9.9000000000E+01    9.9000000000E+01    9.9000000000E+01    9.9000000000E+01    9.9000000000E+01    9.9000000000E+01    9.9000000000E+01    9.9000000000E+01    9.9000000000E+01    9.9000000000E+01    9.9000000000E+01    9.9000000000E+01    9.9000000000E+01    9.9000000000E+01    9.9000000000E+01    9.9000000000E+01    9.9000000000E+01    9.9000000000E+01    9.9000000000E+01    9.9000000000E+01    9.9000000000E+01    9.9000000000E+01    9.9000000000E+01
    8.9561478568E+01    9.9000000000E+01    9.9000000000E+01    9.9000000000E+01    9.9000000000E+01    9.9000000000E+01    9.9000000000E+01    9.9000000000E+01    9.9000000000E+01    9.9000000000E+01    9.9000000000E+01    9.9000000000E+01    9.9000000000E+01    9.9000000000E+01    9.9000000000E+01    9.9000000000E+01    9.9000000000E+01    9.9000000000E+01    9.9000000000E+01    9.9000000000E+01    9.9000000000E+01    9.9000000000E+01    9.9000000000E+01    9.9000000000E+01    9.9000000000E+01    9.9000000000E+01    9.9000000000E+01    9.9000000000E+01
    1.0048963175E+02    9.9000000000E+01    9.9000000000E+01    9.9000000000E+01    9.9000000000E+01    9.9000000000E+01    9.9000000000E+01    9.9000000000E+01    9.9000000000E+01    9.9000000000E+01    9.9000000000E+01    9.9000000000E+01    9.9000000000E+01    9.9000000000E+01    9.9000000000E+01    9.9000000000E+01    9.9000000000E+01    9.9000000000E+01    9.9000000000E+01    9.9000000000E+01    9.9000000000E+01    9.9000000000E+01    9.9000000000E+01    9.9000000000E+01    9.9000000000E+01    9.9000000000E+01    9.9000000000E+01    9.9000000000E+01
    1.1275122129E+02    9.9000000000E+01    9.9000000000E+01    9.9000000000E+01    9.9000000000E+01    9.9000000000E+01    9.9000000000E+01    9.9000000000E+01    9.9000000000E+01    9.9000000000E+01    9.9000000000E+01    9.9000000000E+01    9.9000000000E+01    9.9000000000E+01    9.9000000000E+01    9.9000000000E+01    9.9000000000E+01    9.9000000000E+01    9.9000000000E+01    9.9000000000E+01    9.9000000000E+01    9.9000000000E+01    9.9000000000E+01    9.9000000000E+01    9.9000000000E+01    9.9000000000E+01    9.9000000000E+01    9.9000000000E+01
    1.2650895103E+02    9.9000000000E+01    9.9000000000E+01    9.9000000000E+01    9.9000000000E+01    9.9000000000E+01    9.9000000000E+01    9.9000000000E+01    9.9000000000E+01    9.9000000000E+01    9.9000000000E+01    9.9000000000E+01    9.9000000000E+01    9.9000000000E+01    9.9000000000E+01    9.9000000000E+01    9.9000000000E+01    9.9000000000E+01    9.9000000000E+01    9.9000000000E+01    9.9000000000E+01    9.9000000000E+01    9.9000000000E+01    9.9000000000E+01    9.9000000000E+01    9.9000000000E+01    9.9000000000E+01    9.9000000000E+01
    1.4194537769E+02    9.9000000000E+01    9.9000000000E+01    9.9000000000E+01    9.9000000000E+01    9.9000000000E+01    9.9000000000E+01    9.9000000000E+01    9.9000000000E+01    9.9000000000E+01    9.9000000000E+01    9.9000000000E+01    9.9000000000E+01    9.9000000000E+01    9.9000000000E+01    9.9000000000E+01    9.9000000000E+01    9.9000000000E+01    9.9000000000E+01    9.9000000000E+01    9.9000000000E+01    9.9000000000E+01    9.9000000000E+01    9.9000000000E+01    9.9000000000E+01    9.9000000000E+01    9.9000000000E+01    9.9000000000E+01
    1.5926533327E+02    9.9000000000E+01    9.9000000000E+01    9.9000000000E+01    9.9000000000E+01    9.9000000000E+01    9.9000000000E+01    9.9000000000E+01    9.9000000000E+01    9.9000000000E+01    9.9000000000E+01    9.9000000000E+01    9.9000000000E+01    9.9000000000E+01    9.9000000000E+01    9.9000000000E+01    9.9000000000E+01    9.9000000000E+01    9.9000000000E+01    9.9000000000E+01    9.9000000000E+01    9.9000000000E+01    9.9000000000E+01    9.9000000000E+01    9.9000000000E+01    9.9000000000E+01    9.9000000000E+01    9.9000000000E+01
    1.7869864306E+02    9.9000000000E+01    9.9000000000E+01    9.9000000000E+01    9.9000000000E+01    9.9000000000E+01    9.9000000000E+01    9.9000000000E+01    9.9000000000E+01    9.9000000000E+01    9.9000000000E+01    9.9000000000E+01    9.9000000000E+01    9.9000000000E+01    9.9000000000E+01    9.9000000000E+01    9.9000000000E+01    9.9000000000E+01    9.9000000000E+01    9.9000000000E+01    9.9000000000E+01    9.9000000000E+01    9.9000000000E+01    9.9000000000E+01    9.9000000000E+01    9.9000000000E+01    9.9000000000E+01    9.9000000000E+01
    2.0050317527E+02    9.9000000000E+01    9.9000000000E+01    9.9000000000E+01    9.9000000000E+01    9.9000000000E+01    9.9000000000E+01    9.9000000000E+01    9.9000000000E+01    9.9000000000E+01    9.9000000000E+01    9.9000000000E+01    9.9000000000E+01    9.9000000000E+01    9.9000000000E+01    9.9000000000E+01    9.9000000000E+01    9.9000000000E+01    9.9000000000E+01    9.9000000000E+01    9.9000000000E+01    9.9000000000E+01    9.9000000000E+01    9.9000000000E+01    9.9000000000E+01    9.9000000000E+01    9.9000000000E+01    9.9000000000E+01
    2.2496826280E+02    9.9000000000E+01    9.9000000000E+01    9.9000000000E+01    9.9000000000E+01    9.9000000000E+01    9.9000000000E+01    9.9000000000E+01    9.9000000000E+01    9.9000000000E+01    9.9000000000E+01    9.9000000000E+01    9.9000000000E+01    9.9000000000E+01    9.9000000000E+01    9.9000000000E+01    9.9000000000E+01    9.9000000000E+01    9.9000000000E+01    9.9000000000E+01    9.9000000000E+01    9.9000000000E+01    9.9000000000E+01    9.9000000000E+01    9.9000000000E+01    9.9000000000E+01    9.9000000000E+01    9.9000000000E+01
    2.5241854249E+02    9.9000000000E+01    9.9000000000E+01    9.9000000000E+01    9.9000000000E+01    9.9000000000E+01    9.9000000000E+01    9.9000000000E+01    9.9000000000E+01    9.9000000000E+01    9.9000000000E+01    9.9000000000E+01    9.9000000000E+01    9.9000000000E+01    9.9000000000E+01    9.9000000000E+01    9.9000000000E+01    9.9000000000E+01    9.9000000000E+01    9.9000000000E+01    9.9000000000E+01    9.9000000000E+01    9.9000000000E+01    9.9000000000E+01    9.9000000000E+01    9.9000000000E+01    9.9000000000E+01    9.9000000000E+01
    2.8321826289E+02    9.9000000000E+01    9.9000000000E+01    9.9000000000E+01    9.9000000000E+01    9.9000000000E+01    9.9000000000E+01    9.9000000000E+01    9.9000000000E+01    9.9000000000E+01    9.9000000000E+01    9.9000000000E+01    9.9000000000E+01    9.9000000000E+01    9.9000000000E+01    9.9000000000E+01    9.9000000000E+01    9.9000000000E+01    9.9000000000E+01    9.9000000000E+01    9.9000000000E+01    9.9000000000E+01    9.9000000000E+01    9.9000000000E+01    9.9000000000E+01    9.9000000000E+01    9.9000000000E+01    9.9000000000E+01
    3.1777611755E+02    9.9000000000E+01    9.9000000000E+01    9.9000000000E+01    9.9000000000E+01    9.9000000000E+01    9.9000000000E+01    9.9000000000E+01    9.9000000000E+01    9.9000000000E+01    9.9000000000E+01    9.9000000000E+01    9.9000000000E+01    9.9000000000E+01    9.9000000000E+01    9.9000000000E+01    9.9000000000E+01    9.9000000000E+01    9.9000000000E+01    9.9000000000E+01    9.9000000000E+01    9.9000000000E+01    9.9000000000E+01    9.9000000000E+01    9.9000000000E+01    9.9000000000E+01    9.9000000000E+01    9.9000000000E+01
